0 4
1 2
2 0
3 14
4 34
5 0 4 6 18 60
6 2 16 92
7 4 16 130
8 0 56 174
9
10
11 0 2 12 20 66 112
12 4 56
13
14 0 4 6 18 24 60 78 186
15
16 2 146
17 0
18
19 4 148
20 0 14 20 48 66
21 2 4 32 34 182
22
23 0 6 170
24
25 16 94
26 0 2 4 12 16 18 32 54 92 102 130
27
28 4
29 0
30
31 2
32 0 6
33 4
34 20 146
35 0 4 18 170
36 2
37 14
38 0
39
40 4 46 94
41 0 2 6 12 24 34 42 108 132 182
42 4 46 104
43 20
44 0 16 54 98
45 16
46 2
47 0 4 18
48
49 4
50 0 6
51 2
52
53 0
54 4 14 70 116
55
56 0 2 4 12 18 32 86 102
57 20
58 34
59 0 6
60
61 2 4 32
62 0
63 4 16 86 130
64 16
65 0
66 2 20 110 112
67 56
68 0 4 6 18 24 60 70 186
69
70 4
71 0 2 12 14 48 56 82 174
72
73
74 0
75 4
76 2
77 0 4 6 18 60
78 34
79
80 0 20 66
81 2
82 4 16 130 148
83 0 16 54
84 4
85 110 188
86 0 2 6 12 42
87
88 14
89 0 4 18 20 46 66 144 158
90
91 2 4 32 46 98
92 0
93
94
95 0 6 24 34 78 108
96 2 4 32
97
98 0 4 18
99
100 164 176
101 0 2 12 16 54 92 104
102 16
103 4 20 158 194
104 0 6
105 4 14 116
106 2
107 0
108
109
110 0 4 18
111 2
112 4 20 158
113 0 6
114
115 34
116 0 2 12
117 4
118
119 0 4 18
120 16
121 2 16 92
122 0 6 14 24 48 94 150
123 164
124 4
125 0
126 2 4 20 32 56 112 158
127 70
128 0
129
130 56
131 0 2 4 6 12 18 32 42 60 102 160
132 34
133 4
134 0
135 20
136 2
137 0 94 190
138 4 46
139 14 16 176
140 0 4 6 16 18 46 54 60 130 144 168
141 2 70 160
142
143 0
144
145 4 86 98
146 0 2 12
147 4
148
149 0 6 20 24 66 104
150
151 2
152 0 4 18 34 86 108
153
154 4
155 0
156 2 14 82
157
158 0 6 16 20 54 66 168
159 4 16 130
160 194
161 0 2 4 12 18 32 102
162
163
164 0
165 146
166 2 4 32
167 0 6
168 4
169 34
170 0 148 188
171 2
172 20
173 0 4 14 18 48 116
174
175 4
176 0 2 6 12 24 42 78 132
177 16
178 16
179 0 110
180 4
181 2 20 112
182 0 4 18
183 146
184
185 0 6 56 174 190
186 2
187 4 46
188 0
189 4 34 46 56
190 14
191 0 2 12
192 98
193
194 0 4 6 18 60
195 20
196 2 4 16 32 92 130 170
197 0 16 54
198 110
199
