0 4
1 2
2 0
3 14
4 34
5 0 4 6 18 60
6 2 16 92
7 4 16 130
8 0 56 174
9 224
10 280
11 0 2 12 20 66 112 342
12 4 56 410
13 484
14 0 4 6 18 24 60 78 186 564
15 650
16 2 146 742
17 0 278 840
18 944
19 4 148 1054
20 0 14 20 48 66 388 1170
21 2 4 32 34 182 256
22
23 0 6 170 516
24
25 16 94
26 0 2 4 12 16 18 32 54 92 102 130 282 396 662
27
28 4 328
29 0 826
30
31 2 566
32 0 6 334 1008
33 4 458
34 20 146
35 0 4 18 170 516
36 2 766
37 14 236
38 0
39
40 4 46 94 676
41 0 2 6 12 24 34 42 108 132 182 330 552 996
42 4 46 104 746
43 20 236
44 0 16 54 98 300
45 16 314
46 2
47 0 4 18 310 936
48
49 4 1018
50 0 6 824
51 2
52
53 0
54 4 14 70 116 508
55
56 0 2 4 12 18 32 86 102 264 442 620
57 20 418
58 34 268
59 0 6 1150
60
61 2 4 32 314
62 0
63 4 16 86 130 620
64 16 640
65 0
66 2 20 110 112 562
67 56 224
68 0 4 6 18 24 60 70 186 216 508 654
69
70 4
71 0 2 12 14 48 56 82 174 252 292 882 1000
72
73
74 0
75 4
76 2
77 0 4 6 18 60 278 840
78 34 488
79
80 0 20 66 274 828
81 2
82 4 16 130 148 1054
83 0 16 54 358 1080
84 4
85 110 188
86 0 2 6 12 42 488
87
88 14
89 0 4 18 20 46 66 144 158 340 480 1026 1124
90
91 2 4 32 46 98 242 502 704
92 0
93
94
95 0 6 24 34 78 108 240 330 726 996
96 2 4 32 784
97
98 0 4 18
99
100 164 176
101 0 2 12 16 54 92 104 282 318 532
102 16
103 4 20 158 194
104 0 6
105 4 14 116 274
106 2
107 0
108
109
110 0 4 18
111 2
112 4 20 158 230
113 0 6
114
115 34 1066
116 0 2 12
117 4
118
119 0 4 18
120 16
121 2 16 92 458
122 0 6 14 24 48 94 150 288 456 870
123 164 268
124 4
125 0
126 2 4 20 32 56 112 158 292 410 802
127 70 658
128 0
129
130 56 854
131 0 2 4 6 12 18 32 42 60 102 160 312 486 812 1138
132 34
133 4
134 0
135 20
136 2
137 0 94 190 288 576
138 4 46 1160
139 14 16 176 320
140 0 4 6 16 18 46 54 60 130 144 168 340 396 438 928 1026 1194
141 2 70 160 362 812
142
143 0
144
145 4 86 98 620 704
146 0 2 12
147 4
148
149 0 6 20 24 66 104 204 318 618 960
150
151 2
152 0 4 18 34 86 108 256 264 620 774
153
154 4
155 0
156 2 14 82 854
157
158 0 6 16 20 54 66 168 204 358 434 1080
159 4 16 130 566
160 194 386
161 0 2 4 12 18 32 102 736
162 248 310
163
164 0
165 146 544
166 2 4 32
167 0 6
168 4
169 34
170 0 148 188 450 570
171 2
172 20
173 0 4 14 18 48 116 248 354 750
174
175 4
176 0 2 6 12 24 42 78 132 226 402 684 1142
177 16
178 16
179 0 110 280 336 846
180 4
181 2 20 112 850
182 0 4 18
183 146 670
184
185 0 6 56 174 190 528 576
186 2
187 4 46
188 0
189 4 34 46 56 256 410
190 14
191 0 2 12
192 98 1090
193 328 334
194 0 4 6 18 60
195 20
196 2 4 16 32 92 130 170 662 862
197 0 16 54
198 110 1036
199 230 506
200 0 70 216 544
201 2 4 32
202
203 0 4 6 18 24 60 186 650
204 20
205
206 0 2 12 34 108 182 226 552 684 1142
207 14
208 4 104 170 746
209 0
210 4
211 2
212 0 6
213
214 70
215 0 4 16 18 54 130 344 396 1038
216 2 16 92
217 4
218 0 20 66
219 94
220
221 0 2 6 12 42
222 4
223
224 0 4 14 18 48 116 354 418
225
226 2 34 182 824
227 0 20 66
228
229 4
230 0 6 24
231 2 4 32
232
233 0 148 356 450 1074
234 16 86 94
235 16
236 0 2 4 12 18 32 46 102 144 224 242 678 732 1132
237
238 4 46
239 0 6
240
241 2 14 20 82 86 112 388 442
242 0
243 4 34 256 680
244 56
245 0 4 18
246 2 98 356 502
247
248 0 6 56 174 344 528 1038
249
250 4 20 158 1160
251 0 2 12
252 4
253 16
254 0 16 54
255
256 2 104 364 532
257 0 4 6 18 24 60 78 186 346 564 1044
258 14
259 4
260 0
261 2
262
263 0 34 108
264 4 20 158
265
266 0 2 4 6 12 18 32 42 60 102 312 670
267 164
268
269 0
270
271 2 4 32
272 0 16 54
273 4 16 20 70 130 158 434 508
274
275 0 6 14 48 150
276 2 188 236 952 1192
277
278 0 4 18
279 176
280 4 34 256 904
281 0 2 12
282 236 994
283
284 0 6 24
285 4 46
286 2
287 0 4 18 20 46 66 70 144 158 216 480 508 1124
288
289
290 0 164 498 500
291 2 16 92
292 4 14 16 110 116 130 320 788
293 0 6 98 280 300 846 906
294 4 160 224 1138
295
296 0 2 12 20 66 112 342 758
297
298 278 944
299 0 4 18
300 34 194
301 2 4 32
302 0 6
303 56
304 160
305 0
306 2 4 32
307 56
308 0 4 18
309 14
310 16 20 434 656
311 0 2 6 12 16 24 42 54 92 110 132 168 282 336 510 562 852 1014
312 484 596
313 4
314 0 146 444 658
315 4 104 394 746
316 2 94 482 614
317 0 34 108
318 176
319 20
320 0 4 6 18 60
321 2 148 406 752
322 4
323 0 86 264 1168
324
325 346 904
326 0 2 12 14 48 82 252
327 4
328
329 0 4 6 16 18 54 60 130 168 268 396 810 1194
330 16 86 190
331 2 94 482 674
332 0 146 444 736
333 20
334 4 46
335 0
336 2 4 32 46 242
337 34
338 0 6 24 78 240
339
340
341 0 2 4 12 18 32 102
342 20
343 4 14 116
344 0
345 230
346 2 70 362 980
347 0 6 98 300 394 906 1188
348 4 16 130
349 16
350 0 4 18
351 2
352
353 0
354 34
355 4
356 0 2 6 12 20 42 66 112 204 342 364 1032 1098
357 4 194 274
358 278
359 0 328 386 990 1164
360 14 70 310
361 2 188 406 952
362 0 4 18 56 174 314 410 948
363 104
364 4
365 0 6 20 24 66 204 618 640
366 2 56 292
367 16
368 0 16 54
369 4 170 334
370
371 0 2 4 12 18 32 102
372
373
374 0 6 34 108 330
375
376 2 4 32
377 0 14 48
378 4 190 314
379 20
380 0
381 2 170 500 862
382 274
383 0 4 6 18 46 60 144 438 994
384 148
385 4 46
386 0 2 12 16 54 92 282
387 16
388 20 526 850
389 0
390 4
391 2 34 182
392 0 4 6 18 24 60 186
393
394 14 98 268
395 0
396 2
397 4
398 0
399 4
400
401 0 2 6 12 42
402 20
403
404 0 4 18
405 16 110 226
406 2 4 16 32 92 130 662 740
407 0
408
409
410 0 6
411 2 4 14 20 32 34 82 112 116 158 182 256 388 592 626 802 848
412 86
413 0 4 18 94 248 288 676 750
414
415
416 0 2 12
417
418 4
419 0 6 24 70 78 86 216 264 654 798
420 4
421 2 56 292
422 0 104 318
423
424 16 110 248
425 0 4 16 18 20 54 56 66 130 158 174 396 410 434 480 1118
426 2
427 4
428 0 6 14 34 48 94 108 150 288 330 626 870
429 698 784
430
431 0 2 12
432 4 46 230 340
433 70
434 0 4 18 20 46 66 144 158 164 480 498 1124 1166
435 226
436 2
437 0 6
438
439 4
440 0
441 2 4 32
442
443 0 16 54
444 16 358
445 14
446 0 2 4 6 12 18 24 32 42 60 102 132 186 312 628 942
447
448 4 20 34 98 158 256 704 848
449 0
450
451 2
452 0
453 4
454
455 0 4 6 18 60
456 2
457 20 160 164
458 0 176 534 1168
459
460 4
461 0 2 12
462 4 14 16 116 130 280 320
463 16 146 224
464 0 6
465 34
466 2
467 0 4 18 160 188 486 570 1138
468
469 4
470 0 104 318
471 2 20 112
472 148
473 0 6 24
474 4
475 310
476 0 2 4 12 18 32 102
477 766 884
478 418
479 0 14 48
480 20 56 506
481 2 4 16 32 46 92 130 146 242 662 742 928 1040
482 0 6 16 54 168
483 4 46 340
484 56
485 0 34 108
486 2
487 596 1184
488 0 4 18
489 604 1178
490 4
491 0 2 6 12 42
492 70
493
494 0 20 66 458 526
495 4 98 704 1036
496 2 14 82
497 0 4 18 176 194 534 588
498
499
500 0 6 16 24 54 78 168 484 510
501 2 16 86 92 442
502 4 34 256
503 0 20 66
504 4
505
506 0 2 12 70 216 362 698 1092
507 614
508 86
509 0 4 6 18 60
510 94
511 2 4 32
512 0
513 14
514
515 0 236 714 1106
516 2 4 32
517 20
518 0 4 6 18 60 110 336 788 1014
519 16 358
520 16
521 0 2 12 224 236 678 714 1132 1192
522 34
523 4 190 604
524 0 328 826 990
525 4 94 676
526 2 20 112
527 0 6 24
528
529 104
530 0 4 14 18 46 48 116 144 334 354 830 1008
531 2
532 4 46
533 0
534
535 148
536 0 2 6 12 42
537 4 110 788 1090
538 16
539 0 4 16 18 34 54 56 108 130 174 256 396 410 700 774 1118
540 20
541 2
542 0 170 516
543 56
544 4
545 0 6
546 2 4 32
547 14
548 0
549 20 98 386
550
551 0 2 4 12 18 32 102
552 188
553 4
554 0 6 24 170 194 516 588
555
556 2
557 0 16 54
558 4 16 130
559 34
560 0 4 18
561 2
562 344
563 0 6 20 66 204
564 14
565 4 70 508
566 0 2 12
567 4
568
569 0 488 656
570
571 2 190 962 1010
572 0 4 6 18 20 60 66 158 204 480 674
573
574 4
575 0
576 2 16 34 92 182 280 700
577 16 104 488
578 0 230 696
579 4 46 70 278 508
580
581 0 2 4 6 12 14 18 24 32 42 46 48 60 78 82 102 116 132 144 150 186 240 242 252 312 354 402 438 456 564 592 732 762 830 942 1068
582 458
583
584 0
585 740
586 2 4 20 32 112 158 802
587 0
588 4
589
590 0 6 86 264 798
591 2
592 356
593 0 4 18
594
595 4 16 20 130 158 344 434
596 0 2 12 16 34 54 92 98 108 182 282 300 502 552 700
597 86
598 14 56 1000 1066
599 0 6
600 4 268 566
601 2 164 832
602 0 4 18 56 174 410 874
603
604
605 0 356 1016 1074
606 2 346 628
607 4 94 676
608 0 6 24
609 4 20 158
610
611 0 2 12
612 146
613 34 820
614 0 4 16 18 54 130 396
615 14 16 320
616 2 4 32
617 0 6
618 20
619
620 0 160 486
621 2 4 32
622 94
623 0 4 18 148 364 450 1054 1098
624 164
625
626 0 2 6 12 42
627
628 4 46
629 0
630 4 46 146 160 1040 1138
631 2 110 562
632 0 14 20 48 66 388 1018 1170
633 16 34 700
634 16 226 274
635 0 4 6 18 24 60 186
636 2 104 532
637 4 176 968
638 0 70 216
639 278
640
641 0 2 12 20 66 112 342
642 4
643
644 0 4 6 18 60
645 418
646 2
647 0
648
649 4 14 116
650 0 34 98 108 110 300 336
651 2 4 32
652 16 70 916
653 0 6 16 54 168
654 856
655 20
656 0 2 4 12 18 32 102
657 56
658 4 188 968
659 0 274 828
660
661 2 56 292
662 0 6 24 78
663 4
664 20 226 248
665 0 4 18 230 268 696 810
666 2 14 82
667
668 0 650 680
669
670 4 34 256
671 0 2 6 12 16 42 54 92 168 282 852
672 4 16 130
673 310
674 0 346 1044
675 248
676 2 176 892
677 0 4 18 46 144
678 20
679 4 46 86 314 620
680 0 6
681 2
682
683 0 14 48
684 4 104 746
685
686 0 2 4 12 18 32 86 102 148 264 442 450 620 752 1054
687 20 34 848
688
689 0 6 24
690 16 224 328
691 2 4 16 32 92 130 662
692 0
693 4
694 194
695 0 314 948
696 2
697 98
698 0 4 6 18 60
699
700 4 14 116
701 0 2 12 20 66 112 342
702
703
704 0 94 288
705 4
706 2 334 884
707 0 4 6 18 34 60 108 256 330 640 774
708 506
709 16
710 0 16 20 54 66 434 1150
711 2 70 362
712 4 394 544
713 0
714 4
715 170
716 0 2 6 12 24 42 56 132 174 190 292 528 576 882 962
717 14
718
719 0 4 18 94 288 676 758
720 56
721 2 4 32
722 0
723 364
724 20 34 848
725 0 6 70 216 654
726 2 4 32 46 242
727 170
728 0 4 16 18 46 54 130 144 396 566 928
729 16
730 406
731 0 2 12
732
733 4 20 158
734 0 6 14 48 150
735 4
736 2
737 0
738
739
740 0 4 18
741 2
742 4
743 0 6 24 78 104 188 318 570 960
744 34 110 394
745 280
746 0 2 12
747 4 16 20 130 158 434 544
748 16 224 386
749 0 4 18
750
751 2 14 82 98 194 502 982
752 0 6
753
754 4 236 1016
755 0
756 2 4 20 32 112 158 802
757
758 0
759 820
760 236
761 0 2 4 6 12 18 32 34 42 60 102 108 146 182 256 312 330 444 552 742 774 1040
762
763 4 110 788
764 0 190 576
765 1190
766 2 16 92
767 0 16 54
768 4 14 86 116 164 620 1166
769
770 0 4 6 18 20 24 60 66 158 186 204 406 480 618
771 2
772
773 0
774 148
775 4 46 56 86 340 410 620
776 0 2 12
777 4 46
778 856
779 0 6 20 56 66 146 174 204 444 528
780 1010
781 2 34 182
782 0 4 18
783 160
784 4 70 508
785 0 14 16 48 54 320 966
786 2 16 92
787
788 0 6 310 658 936
789 4
790
791 0 2 4 12 18 32 102 104 164 318 498 532 746 832 1166
792
793 20 160 500
794 0
795
796 2 4 32
797 0 6 24
798 4 34 70 98 256 508 704
799 484
800 0
801 2 94 482
802 14 20 388
803 0 4 18
804 16
805 4 16 130 358 766
806 0 2 6 12 42
807
808
809 0
810 4
811 2 230 1162
812 0 4 18
813
814
815 0 6
816 2 20 94 112 176 482 892
817 4
818 0 34 108
819 4 14 116
820
821 0 2 12
822
823 16
824 0 4 6 16 18 24 46 54 60 78 130 144 168 186 240 396 438 510 564 726 928 1194
825 20
826 2 4 32 46 242 340 1190
827 0
828
829
830 0
831 2 4 32
832
833 0 4 6 18 60
834 56
835 34
836 0 2 12 14 48 82 252
837 148
838 4 56 410
839 0 20 66
840 4
841 2
842 0 6 16 54 168
843 16
844
845 0 4 18
846 2
847 4
848 0 20 66
849 188
850 104
851 0 2 6 12 24 42 132
852 4 98 704
853 14
854 0 4 18
855 34 176 328
856 2 650 670
857 0 70 86 110 216 264 336
858 826
859 4 280 1114
860 0 6 278 840 874
861 2 4 16 32 92 130 662
862 16 20 434
863 0 226 684
864 86
865
866 0 2 4 12 18 32 102
867 334
868 4
869 0 6
870 14
871 2 20 70 112 268 362
872 0 34 108
873 4 46
874
875 0 4 18 46 144
876 2 110 562
877 824
878 0 6 24
879
880 4 16 130 358 916
881 0 2 12 16 54 92 282
882 4
883 784
884 0 500
885 20
886 2
887 0 4 6 14 18 48 60 116 150 354 1068
888 170
889 4
890 0
891 2 194 982
892 34
893 0 56 174 226 684
894 4 20 158
895
896 0 2 4 6 12 18 32 42 60 102 312
897 56
898 94 104 230
899 0 16 54 98 300 418
900 16 170 736
901 2 4 32
902 0
903 4
904 14
905 0 6 24 78
906 2
907
908 0 4 18 20 66 158 480
909 34 190 344
910 4 146 1040
911 0 2 12 274 596 828
912
913 94
914 0 6
915 4 248
916 2
917 0 4 18 20 66 158 224 480 526 678
918 16
919 16
920 0 278 840
921 2 14 82
922 4 46
923 0 6
924 4 46
925 148
926 0 2 12 248 680 750
927
928 146
929 0 4 18 34 108 256 774
930 70
931 2 4 20 32 112 158 802
932 0 6 24
933 614
934 188
935 0 164 498
936 2 4 32 268 274
937 16
938 0 4 14 16 18 48 54 116 130 320 354 386 396 966 1164
939 670
940 20
941 0 2 6 12 42
942 344
943 4
944 0 70 216
945 4
946 2 34 86 160 182 442 812
947 0
948 194
949
950 0 4 6 18 60
951 2 356
952 4 56 410
953 0 86 98 264 300
954 20
955 14 346 458
956 0 2 12 16 54 56 92 160 174 282 292 486 812 882 1118
957 4 16 104 130 190 746
958 164
959 0 4 6 18 24 60 186
960
961 2
962 0
963 20
964 4 356 1106
965 0 944 980
966 2 4 32 34 182 256
967
968 0 6
969 656
970 110
971 0 2 4 12 18 32 46 102 144 242 732
972 14
973 4 46
974 0
975 16 224 658
976 2 16 92
977 0 6 20 66 204
978 4
979
980 0 4 18
981 2
982
983 0 34 108
984
985 4
986 0 2 6 12 20 24 42 66 78 112 132 204 310 342 402 618 936 1032
987 4 484 854
988 148
989 0 14 48 110 336 506
990 364
991 2
992 0 4 18
993 236
994 4 16 130
995 0 6 16 54 94 168 176 288 534 870
996 2 314
997
998 0
999 4 236
1000 20 98
1001 0 2 4 12 18 32 102
1002
1003 34 70 1114
1004 0 6
1005 104
1006 2 4 14 32 82 116 592
1007 0
1008 4 640 674
1009 20
1010 0 94 288
1011 2 56 292
1012 314
1013 0 4 6 16 18 24 54 60 130 168 186 396 510 854 1194
1014 16
1015 4 56 410
1016 0 2 12
1017 70
1018
1019 0
1020 4 34 46 256
1021 2 328
1022 0 4 6 18 46 60 144 438
1023 14 20 346 388 526
1024
1025 0
1026 2
1027 4
1028 0 280 846
1029 4
1030
1031 0 2 6 12 42
1032 16 20 434
1033 16
1034 0 4 18 176 534 850
1035 86
1036 2 4 32
1037 0
1038
1039
1040 0 6 14 24 34 48 108 150 188 330 456 570 626 996
1041 2 4 32
1042 86
1043 0 4 18 334 458 1008
1044 230
1045
1046 0 2 12 20 66 112 342
1047
1048 4
1049 0 6
1050 4
1051 2 16 92
1052 0 16 54
1053 824
1054 98
1055 0 4 18 20 66 158 480
1056 2
1057 4 14 34 116 256 626 758
1058 0 6
1059 146
1060 488
1061 0 2 12 170 516 862
1062 4
1063
1064 0 4 18 104 318 746
1065
1066 2 418
1067 0 6 24 78 240
1068 488
1069 4 20 46 158 1124
1070 0 16 54 56 174 1018 1118
1071 2 4 16 32 46 92 130 242 662 736 928
1072
1073 0 170 516
1074 14 56 1000
1075
1076 0 2 4 6 12 18 32 42 60 70 102 148 216 312 362 450 508 654 752 1054 1092
1077 34 146 628
1078 4 20 158
1079 0
1080
1081 2
1082 0
1083 4 110 788
1084
1085 0 4 6 18 60
1086 2 596 1178
1087
1088 0 194 588
1089 16
1090 4 16 70 130 364 508
1091 0 2 12 14 48 82 252
1092 4 20 94 158 226 676
1093
1094 0 6 24 34 108 330 996
1095
1096 2 604 1184
1097 0 4 18
1098
1099 4
1100 0
1101 2 20 98 112 310 502
1102 110 164 190
1103 0 6
1104 4
1105
1106 0 2 4 12 18 32 102
1107 94
1108 14 16 320
1109 0 16 54 160 394 486 1188
1110
1111 2 4 32
1112 0 6 104 318 960
1113 4
1114 34
1115 0 20 66
1116 2
1117
1118 0 4 18 46 144 340 1026
1119 160
1120 4 46
1121 0 2 6 12 24 42 132
1122 226
1123
1124 0 20 66 86 264 614
1125 4 14 116 164 188 1166
1126 2
1127 0 4 16 18 54 130 396
1128 16
1129 56
1130 0 6 604 698
1131 2 34 86 182 230 442 1162
1132 4
1133 0 56 174
1134 4
1135
1136 0 2 12
1137 386
1138 20
1139 0 4 6 18 60 148 406 450 1054
1140
1141 2 4 32 278 394
1142 0 14 48 268 280 810 846
1143
1144 224
1145 0 194 588
1146 2 4 16 32 92 130 662
1147 16 20 434
1148 0 4 6 18 24 60 78 186 564
1149 70 740
1150 190
1151 0 2 12 34 108 182 552
1152
1153 4
1154 0
1155 4 98 704
1156 2
1157 0 6
1158
1159 14
1160 0 4 18
1161 2 20 112
1162 4
1163 0 70 216
1164
1165 16
1166 0 2 6 12 16 42 54 92 168 248 282 358 750 852 1080
1167 4 46
1168 34
1169 0 4 18 46 144 340 566 1026
1170 20
1171 2 104 532
1172 0
1173
1174 4 176
1175 0 6 24
1176 2 4 14 32 82 116 592
1177 248
1178 0
1179 406
1180
1181 0 2 4 12 18 32 102
1182
1183 4
1184 0 6 16 20 54 66 168 204 434 1066
1185 16
1186 2 328
1187 0 904
1188 4 34 56 256 274 410
1189 94
1190 0 4 18
1191 2
1192 56
1193 0 6 14 20 48 66 150 204 388 1170
1194
1195 4
1196 0 2 12 110 336 562
1197 4
1198
1199 0
