0 4
1 2
2 0
3 14
4 34
5 0 4 6 18 60
6 2 16 92
7 4 16 130
8 0 56 174
9 224
10 280
11 0 2 12 20 66 112 342
12 4 56 410
13 484
14 0 4 6 18 24 60 78 186
15
16 2 146
17 0 278
18
19 4 148
20 0 14 20 48 66 388
21 2 4 32 34 182 256
22
23 0 6 170
24
25 16 94
26 0 2 4 12 16 18 32 54 92 102 130 282 396
27
28 4 328
29 0
30
31 2
32 0 6 334
33 4 458
34 20 146
35 0 4 18 170
36 2
37 14 236
38 0
39
40 4 46 94
41 0 2 6 12 24 34 42 108 132 182 330
42 4 46 104
43 20 236
44 0 16 54 98 300
45 16 314
46 2
47 0 4 18 310
48
49 4
50 0 6
51 2
52
53 0
54 4 14 70 116
55
56 0 2 4 12 18 32 86 102 264 442
57 20 418
58 34 268
59 0 6
60
61 2 4 32 314
62 0
63 4 16 86 130
64 16
65 0
66 2 20 110 112
67 56 224
68 0 4 6 18 24 60 70 186 216
69
70 4
71 0 2 12 14 48 56 82 174 252 292
72
73
74 0
75 4
76 2
77 0 4 6 18 60 278
78 34 488
79
80 0 20 66 274
81 2
82 4 16 130 148
83 0 16 54 358
84 4
85 110 188
86 0 2 6 12 42 488
87
88 14
89 0 4 18 20 46 66 144 158 340 480
90
91 2 4 32 46 98 242
92 0
93
94
95 0 6 24 34 78 108 240 330
96 2 4 32
97
98 0 4 18
99
100 164 176
101 0 2 12 16 54 92 104 282 318
102 16
103 4 20 158 194
104 0 6
105 4 14 116 274
106 2
107 0
108
109
110 0 4 18
111 2
112 4 20 158 230
113 0 6
114
115 34
116 0 2 12
117 4
118
119 0 4 18
120 16
121 2 16 92 458
122 0 6 14 24 48 94 150 288 456
123 164 268
124 4
125 0
126 2 4 20 32 56 112 158 292 410
127 70
128 0
129
130 56
131 0 2 4 6 12 18 32 42 60 102 160 312 486
132 34
133 4
134 0
135 20
136 2
137 0 94 190 288
138 4 46
139 14 16 176 320
140 0 4 6 16 18 46 54 60 130 144 168 340 396 438
141 2 70 160 362
142
143 0
144
145 4 86 98
146 0 2 12
147 4
148
149 0 6 20 24 66 104 204 318
150
151 2
152 0 4 18 34 86 108 256 264
153
154 4
155 0
156 2 14 82
157
158 0 6 16 20 54 66 168 204 358 434
159 4 16 130
160 194 386
161 0 2 4 12 18 32 102
162 248 310
163
164 0
165 146
166 2 4 32
167 0 6
168 4
169 34
170 0 148 188 450
171 2
172 20
173 0 4 14 18 48 116 248 354
174
175 4
176 0 2 6 12 24 42 78 132 226 402
177 16
178 16
179 0 110 280 336
180 4
181 2 20 112
182 0 4 18
183 146
184
185 0 6 56 174 190
186 2
187 4 46
188 0
189 4 34 46 56 256 410
190 14
191 0 2 12
192 98
193 328 334
194 0 4 6 18 60
195 20
196 2 4 16 32 92 130 170
197 0 16 54
198 110
199 230
200 0 70 216
201 2 4 32
202
203 0 4 6 18 24 60 186
204 20
205
206 0 2 12 34 108 182 226
207 14
208 4 104 170
209 0
210 4
211 2
212 0 6
213
214 70
215 0 4 16 18 54 130 344 396
216 2 16 92
217 4
218 0 20 66
219 94
220
221 0 2 6 12 42
222 4
223
224 0 4 14 18 48 116 354 418
225
226 2 34 182
227 0 20 66
228
229 4
230 0 6 24
231 2 4 32
232
233 0 148 356 450
234 16 86 94
235 16
236 0 2 4 12 18 32 46 102 144 224 242
237
238 4 46
239 0 6
240
241 2 14 20 82 86 112 388 442
242 0
243 4 34 256
244 56
245 0 4 18
246 2 98 356
247
248 0 6 56 174 344
249
250 4 20 158
251 0 2 12
252 4
253 16
254 0 16 54
255
256 2 104 364
257 0 4 6 18 24 60 78 186 346
258 14
259 4
260 0
261 2
262
263 0 34 108
264 4 20 158
265
266 0 2 4 6 12 18 32 42 60 102 312
267 164
268
269 0
270
271 2 4 32
272 0 16 54
273 4 16 20 70 130 158 434
274
275 0 6 14 48 150
276 2 188 236
277
278 0 4 18
279 176
280 4 34 256
281 0 2 12
282 236
283
284 0 6 24
285 4 46
286 2
287 0 4 18 20 46 66 70 144 158 216 480
288
289
290 0 164 498
291 2 16 92
292 4 14 16 110 116 130 320
293 0 6 98 280 300
294 4 160 224
295
296 0 2 12 20 66 112 342
297
298 278
299 0 4 18
300 34 194
301 2 4 32
302 0 6
303 56
304 160
305 0
306 2 4 32
307 56
308 0 4 18
309 14
310 16 20 434
311 0 2 6 12 16 24 42 54 92 110 132 168 282 336
312 484
313 4
314 0 146 444
315 4 104 394
316 2 94 482
317 0 34 108
318 176
319 20
320 0 4 6 18 60
321 2 148 406
322 4
323 0 86 264
324
325 346
326 0 2 12 14 48 82 252
327 4
328
329 0 4 6 16 18 54 60 130 168 268 396
330 16 86 190
331 2 94 482
332 0 146 444
333 20
334 4 46
335 0
336 2 4 32 46 242
337 34
338 0 6 24 78 240
339
340
341 0 2 4 12 18 32 102
342 20
343 4 14 116
344 0
345 230
346 2 70 362
347 0 6 98 300 394
348 4 16 130
349 16
350 0 4 18
351 2
352
353 0
354 34
355 4
356 0 2 6 12 20 42 66 112 204 342 364
357 4 194 274
358 278
359 0 328 386
360 14 70 310
361 2 188 406
362 0 4 18 56 174 314 410
363 104
364 4
365 0 6 20 24 66 204
366 2 56 292
367 16
368 0 16 54
369 4 170 334
370
371 0 2 4 12 18 32 102
372
373
374 0 6 34 108 330
375
376 2 4 32
377 0 14 48
378 4 190 314
379 20
380 0
381 2 170
382 274
383 0 4 6 18 46 60 144 438
384 148
385 4 46
386 0 2 12 16 54 92 282
387 16
388 20
389 0
390 4
391 2 34 182
392 0 4 6 18 24 60 186
393
394 14 98 268
395 0
396 2
397 4
398 0
399 4
400
401 0 2 6 12 42
402 20
403
404 0 4 18
405 16 110 226
406 2 4 16 32 92 130
407 0
408
409
410 0 6
411 2 4 14 20 32 34 82 112 116 158 182 256 388
412 86
413 0 4 18 94 248 288
414
415
416 0 2 12
417
418 4
419 0 6 24 70 78 86 216 264
420 4
421 2 56 292
422 0 104 318
423
424 16 110 248
425 0 4 16 18 20 54 56 66 130 158 174 396 410 434 480
426 2
427 4
428 0 6 14 34 48 94 108 150 288 330
429
430
431 0 2 12
432 4 46 230 340
433 70
434 0 4 18 20 46 66 144 158 164 480 498
435 226
436 2
437 0 6
438
439 4
440 0
441 2 4 32
442
443 0 16 54
444 16 358
445 14
446 0 2 4 6 12 18 24 32 42 60 102 132 186 312
447
448 4 20 34 98 158 256
449 0
450
451 2
452 0
453 4
454
455 0 4 6 18 60
456 2
457 20 160 164
458 0 176
459
460 4
461 0 2 12
462 4 14 16 116 130 280 320
463 16 146 224
464 0 6
465 34
466 2
467 0 4 18 160 188 486
468
469 4
470 0 104 318
471 2 20 112
472 148
473 0 6 24
474 4
475 310
476 0 2 4 12 18 32 102
477
478 418
479 0 14 48
480 20 56
481 2 4 16 32 46 92 130 146 242
482 0 6 16 54 168
483 4 46 340
484 56
485 0 34 108
486 2
487
488 0 4 18
489
490 4
491 0 2 6 12 42
492 70
493
494 0 20 66 458
495 4 98
496 2 14 82
497 0 4 18 176 194
498
499
