0 4
1 2
2 0
3 14
4 34
5 0 4 6 18 60
6 2 16 92
7 4 16
8 0 56
9
10
11 0 2 12 20 66
12 4 56
13
14 0 4 6 18 24 60 78
15
16 2
17 0
18
19 4
20 0 14 20 48 66
21 2 4 32 34
22
23 0 6
24
25 16 94
26 0 2 4 12 16 18 32 54 92
27
28 4
29 0
30
31 2
32 0 6
33 4
34 20
35 0 4 18
36 2
37 14
38 0
39
40 4 46 94
41 0 2 6 12 24 34 42
42 4 46
43 20
44 0 16 54 98
45 16
46 2
47 0 4 18
48
49 4
50 0 6
51 2
52
53 0
54 4 14 70
55
56 0 2 4 12 18 32 86
57 20
58 34
59 0 6
60
61 2 4 32
62 0
63 4 16 86
64 16
65 0
66 2 20
67 56
68 0 4 6 18 24 60 70
69
70 4
71 0 2 12 14 48 56 82
72
73
74 0
75 4
76 2
77 0 4 6 18 60
78 34
79
80 0 20 66
81 2
82 4 16
83 0 16 54
84 4
85
86 0 2 6 12 42
87
88 14
89 0 4 18 20 46 66
90
91 2 4 32 46 98
92 0
93
94
95 0 6 24 34 78
96 2 4 32
97
98 0 4 18
99
