0 4
1 2
2 0
3 14
4 34
5 0 4 6 18 60
6 2 16 92
7 4 16 130
8 0 56 174
9 224
10 280
11 0 2 12 20 66 112 342
12 4 56 410
13 484
14 0 4 6 18 24 60 78 186 564
15 650
16 2 146 742
17 0 278 840
18 944
19 4 148 1054
20 0 14 20 48 66 388 1170
21 2 4 32 34 182 256 1292
22 1420
23 0 6 170 516 1554
24 1694
25 16 94 1840
26 0 2 4 12 16 18 32 54 92 102 130 282 396 662 1992
27
28 4 328
29 0 826
30
31 2 566
32 0 6 334 1008
33 4 458
34 20 146
35 0 4 18 170 516 1208
36 2 766
37 14 236
38 0 1426
39
40 4 46 94 676
41 0 2 6 12 24 34 42 108 132 182 330 552 996 1662
42 4 46 104 746
43 20 236
44 0 16 54 98 300 1916
45 16 314
46 2 1256
47 0 4 18 310 936
48
49 4 1018
50 0 6 824
51 2 1546
52
53 0
54 4 14 70 116 508 1238
55
56 0 2 4 12 18 32 86 102 264 442 620 1332 1866
57 20 418
58 34 268
59 0 6 1150
60
61 2 4 32 314 1582
62 0
63 4 16 86 130 620 1688
64 16 640
65 0
66 2 20 110 112 562
67 56 224
68 0 4 6 18 24 60 70 186 216 508 654 1530 1968
69
70 4
71 0 2 12 14 48 56 82 174 252 292 882 1000
72
73
74 0
75 4
76 2
77 0 4 6 18 60 278 840 1964
78 34 488
79
80 0 20 66 274 828
81 2
82 4 16 130 148 1054
83 0 16 54 358 1080
84 4
85 110 188
86 0 2 6 12 42 488 1470
87
88 14 1358
89 0 4 18 20 46 66 144 158 340 480 1026 1124
90
91 2 4 32 46 98 242 502 704
92 0
93
94
95 0 6 24 34 78 108 240 330 726 996
96 2 4 32 784
97
98 0 4 18 1364
99
100 164 176
101 0 2 12 16 54 92 104 282 318 532 1602
102 16 1634
103 4 20 158 194 1376
104 0 6
105 4 14 116 274 1936
106 2
107 0
108
109
110 0 4 18 1720
111 2
112 4 20 158 230 1628
113 0 6
114
115 34 1066
116 0 2 12
117 4
118
119 0 4 18
120 16
121 2 16 92 458
122 0 6 14 24 48 94 150 288 456 870 1646
123 164 268
124 4
125 0
126 2 4 20 32 56 112 158 292 410 802 1354
127 70 658
128 0
129
130 56 854
131 0 2 4 6 12 18 32 42 60 102 160 312 486 812 1138 1464
132 34 1406
133 4
134 0
135 20
136 2
137 0 94 190 288 576
138 4 46 1160
139 14 16 176 320
140 0 4 6 16 18 46 54 60 130 144 168 340 396 438 928 1026 1194
141 2 70 160 362 812
142
143 0
144
145 4 86 98 620 704
146 0 2 12
147 4
148
149 0 6 20 24 66 104 204 318 618 960
150
151 2
152 0 4 18 34 86 108 256 264 620 774 1866
153
154 4
155 0
156 2 14 82 854
157
158 0 6 16 20 54 66 168 204 358 434 1080 1308
159 4 16 130 566
160 194 386
161 0 2 4 12 18 32 102 736
162 248 310
163
164 0
165 146 544
166 2 4 32
167 0 6
168 4
169 34
170 0 148 188 450 570
171 2
172 20
173 0 4 14 18 48 116 248 354 750 1754
174
175 4
176 0 2 6 12 24 42 78 132 226 402 684 1142
177 16
178 16
179 0 110 280 336 846
180 4
181 2 20 112 850
182 0 4 18
183 146 670
184
185 0 6 56 174 190 528 576 1734
186 2
187 4 46
188 0
189 4 34 46 56 256 410 1810
190 14
191 0 2 12
192 98 1090
193 328 334
194 0 4 6 18 60 1786
195 20
196 2 4 16 32 92 130 170 662 862 1208
197 0 16 54
198 110 1036
199 230 506
200 0 70 216 544 1638
201 2 4 32
202
203 0 4 6 18 24 60 186 650 1956
204 20
205
206 0 2 12 34 108 182 226 552 684 1142
207 14
208 4 104 170 746 1208
209 0
210 4
211 2
212 0 6
213
214 70 1876
215 0 4 16 18 54 130 344 396 1038
216 2 16 92 1468
217 4
218 0 20 66
219 94 1478
220
221 0 2 6 12 42
222 4
223
224 0 4 14 18 48 116 354 418 1260
225
226 2 34 182 824
227 0 20 66
228
229 4
230 0 6 24
231 2 4 32
232
233 0 148 356 450 1074
234 16 86 94 1688 1840
235 16
236 0 2 4 12 18 32 46 102 144 224 242 678 732 1132 1586
237
238 4 46
239 0 6
240
241 2 14 20 82 86 112 388 442 1510 1952
242 0
243 4 34 256 680
244 56
245 0 4 18
246 2 98 356 502 1792
247
248 0 6 56 174 344 528 1038
249
250 4 20 158 1160
251 0 2 12
252 4
253 16
254 0 16 54
255
256 2 104 364 532 1832
257 0 4 6 18 24 60 78 186 346 564 1044
258 14
259 4
260 0
261 2
262
263 0 34 108 1864
264 4 20 158 1294
265
266 0 2 4 6 12 18 32 42 60 102 312 670
267 164 1276
268
269 0
270
271 2 4 32
272 0 16 54
273 4 16 20 70 130 158 434 508 1384 1676
274
275 0 6 14 48 150 1478
276 2 188 236 952 1192
277
278 0 4 18
279 176 1300
280 4 34 256 904
281 0 2 12
282 236 994
283
284 0 6 24
285 4 46
286 2
287 0 4 18 20 46 66 70 144 158 216 480 508 1124 1530 1676
288
289
290 0 164 498 500 1506
291 2 16 92
292 4 14 16 110 116 130 320 788 1918
293 0 6 98 280 300 846 906
294 4 160 224 1138 1586
295
296 0 2 12 20 66 112 342 758
297
298 278 944
299 0 4 18
300 34 194 1366
301 2 4 32
302 0 6
303 56
304 160 1696
305 0
306 2 4 32
307 56
308 0 4 18
309 14
310 16 20 434 656
311 0 2 6 12 16 24 42 54 92 110 132 168 282 336 510 562 852 1014 1692
312 484 596
313 4
314 0 146 444 658 1980
315 4 104 394 746
316 2 94 482 614
317 0 34 108
318 176 1690
319 20
320 0 4 6 18 60
321 2 148 406 752
322 4
323 0 86 264 1168
324
325 346 904
326 0 2 12 14 48 82 252 1246
327 4
328
329 0 4 6 16 18 54 60 130 168 268 396 810 1194 1894
330 16 86 190 1688
331 2 94 482 674
332 0 146 444 736
333 20
334 4 46
335 0
336 2 4 32 46 242 1378
337 34
338 0 6 24 78 240 1406
339
340
341 0 2 4 12 18 32 102
342 20
343 4 14 116
344 0
345 230 1528
346 2 70 362 980
347 0 6 98 300 394 906 1188
348 4 16 130
349 16
350 0 4 18
351 2
352
353 0
354 34
355 4
356 0 2 6 12 20 42 66 112 204 342 364 1032 1098 1832
357 4 194 274 1376 1936
358 278 1364
359 0 328 386 990 1164
360 14 70 310 1238
361 2 188 406 952
362 0 4 18 56 174 314 410 948 1236
363 104
364 4
365 0 6 20 24 66 204 618 640 1926
366 2 56 292 1358
367 16
368 0 16 54
369 4 170 334 1208
370
371 0 2 4 12 18 32 102
372
373
374 0 6 34 108 330 1256
375
376 2 4 32
377 0 14 48
378 4 190 314 1348
379 20
380 0
381 2 170 500 862
382 274 1576
383 0 4 6 18 46 60 144 438 994
384 148
385 4 46
386 0 2 12 16 54 92 282 1564
387 16
388 20 526 850
389 0
390 4
391 2 34 182
392 0 4 6 18 24 60 186
393
394 14 98 268 1714
395 0
396 2
397 4
398 0
399 4
400
401 0 2 6 12 42
402 20
403
404 0 4 18
405 16 110 226
406 2 4 16 32 92 130 662 740
407 0
408
409
410 0 6
411 2 4 14 20 32 34 82 112 116 158 182 256 388 592 626 802 848 1292 1952
412 86
413 0 4 18 94 248 288 676 750 1754
414
415
416 0 2 12
417
418 4
419 0 6 24 70 78 86 216 264 654 798 1968
420 4
421 2 56 292 1798
422 0 104 318 1660
423
424 16 110 248
425 0 4 16 18 20 54 56 66 130 158 174 396 410 434 480 1118 1236 1308 1354
426 2
427 4
428 0 6 14 34 48 94 108 150 288 330 626 870 1646 1884
429 698 784
430
431 0 2 12
432 4 46 230 340 1628
433 70
434 0 4 18 20 46 66 144 158 164 480 498 1124 1166
435 226
436 2
437 0 6
438
439 4
440 0
441 2 4 32
442
443 0 16 54
444 16 358 1634
445 14
446 0 2 4 6 12 18 24 32 42 60 102 132 186 312 628 942 1890
447
448 4 20 34 98 158 256 704 848
449 0
450
451 2
452 0
453 4
454
455 0 4 6 18 60
456 2
457 20 160 164
458 0 176 534 1168
459
460 4
461 0 2 12
462 4 14 16 116 130 280 320 1978
463 16 146 224
464 0 6
465 34
466 2
467 0 4 18 160 188 486 570 1138 1334
468
469 4
470 0 104 318
471 2 20 112
472 148
473 0 6 24
474 4
475 310
476 0 2 4 12 18 32 102
477 766 884
478 418 1624
479 0 14 48
480 20 56 506 1354
481 2 4 16 32 46 92 130 146 242 662 742 928 1040
482 0 6 16 54 168
483 4 46 340
484 56
485 0 34 108
486 2
487 596 1184
488 0 4 18
489 604 1178
490 4
491 0 2 6 12 42
492 70
493
494 0 20 66 458 526 1380 1584
495 4 98 704 1036
496 2 14 82
497 0 4 18 176 194 534 588 1250 1376
498
499
500 0 6 16 24 54 78 168 484 510 1458 1536
501 2 16 86 92 442 1688
502 4 34 256
503 0 20 66
504 4
505
506 0 2 12 70 216 362 698 1092
507 614 1246
508 86
509 0 4 6 18 60
510 94
511 2 4 32
512 0
513 14
514
515 0 236 714 1106
516 2 4 32
517 20
518 0 4 6 18 60 110 336 788 1014
519 16 358
520 16
521 0 2 12 224 236 678 714 1132 1192
522 34
523 4 190 604 1348
524 0 328 826 990
525 4 94 676 1214
526 2 20 112
527 0 6 24
528
529 104
530 0 4 14 18 46 48 116 144 334 354 830 1008
531 2
532 4 46
533 0
534
535 148
536 0 2 6 12 42
537 4 110 788 1090
538 16
539 0 4 16 18 34 54 56 108 130 174 256 396 410 700 774 1118 1236
540 20
541 2
542 0 170 516 1694
543 56
544 4
545 0 6
546 2 4 32
547 14
548 0
549 20 98 386
550
551 0 2 4 12 18 32 102
552 188
553 4
554 0 6 24 170 194 516 588 1554 1770
555
556 2
557 0 16 54
558 4 16 130
559 34
560 0 4 18
561 2
562 344
563 0 6 20 66 204
564 14
565 4 70 508 1870
566 0 2 12
567 4
568
569 0 488 656 1470 1974
570
571 2 190 962 1010
572 0 4 6 18 20 60 66 158 204 480 674 1446
573
574 4
575 0
576 2 16 34 92 182 280 700 1412
577 16 104 488
578 0 230 696 1430
579 4 46 70 278 508 1964
580
581 0 2 4 6 12 14 18 24 32 42 46 48 60 78 82 102 116 132 144 150 186 240 242 252 312 354 402 438 456 564 592 732 762 830 942 1068 1212 1320 1374 1698 1782
582 458
583
584 0
585 740 1378
586 2 4 20 32 112 158 802 1276
587 0
588 4
589
590 0 6 86 264 798 1300
591 2
592 356
593 0 4 18
594
595 4 16 20 130 158 344 434
596 0 2 12 16 34 54 92 98 108 182 282 300 502 552 700 1512 1916
597 86
598 14 56 1000 1066
599 0 6
600 4 268 566 1894
601 2 164 832 1294
602 0 4 18 56 174 410 874 1236
603
604
605 0 356 1016 1074
606 2 346 628 1742
607 4 94 676 1624
608 0 6 24
609 4 20 158
610
611 0 2 12
612 146
613 34 820 1366
614 0 4 16 18 54 130 396
615 14 16 320
616 2 4 32
617 0 6
618 20
619
620 0 160 486
621 2 4 32
622 94
623 0 4 18 148 364 450 1054 1098
624 164
625
626 0 2 6 12 42
627
628 4 46
629 0
630 4 46 146 160 1040 1138
631 2 110 562
632 0 14 20 48 66 388 1018 1170
633 16 34 700 1706
634 16 226 274
635 0 4 6 18 24 60 186
636 2 104 532
637 4 176 968 1250
638 0 70 216
639 278
640
641 0 2 12 20 66 112 342
642 4
643
644 0 4 6 18 60
645 418
646 2
647 0
648
649 4 14 116
650 0 34 98 108 110 300 336
651 2 4 32
652 16 70 916 1384
653 0 6 16 54 168
654 856 1490
655 20
656 0 2 4 12 18 32 102
657 56
658 4 188 968 1334
659 0 274 828 1564
660
661 2 56 292
662 0 6 24 78
663 4
664 20 226 248
665 0 4 18 230 268 696 810 1628 1894
666 2 14 82
667
668 0 650 680 1956
669
670 4 34 256
671 0 2 6 12 16 42 54 92 168 282 852 1576
672 4 16 130
673 310
674 0 346 1044 1298
675 248
676 2 176 892 1528
677 0 4 18 46 144
678 20
679 4 46 86 314 620
680 0 6
681 2
682
683 0 14 48
684 4 104 746 1870
685
686 0 2 4 12 18 32 86 102 148 264 442 450 620 752 1054 1332 1866
687 20 34 848 1660
688
689 0 6 24
690 16 224 328
691 2 4 16 32 92 130 662
692 0
693 4
694 194
695 0 314 948 1520
696 2
697 98
698 0 4 6 18 60
699
700 4 14 116
701 0 2 12 20 66 112 342
702
703
704 0 94 288
705 4
706 2 334 884 1682
707 0 4 6 18 34 60 108 256 330 640 774 1926
708 506
709 16
710 0 16 20 54 66 434 1150 1308
711 2 70 362
712 4 394 544
713 0
714 4
715 170
716 0 2 6 12 24 42 56 132 174 190 292 528 576 882 962 1590 1734
717 14
718
719 0 4 18 94 288 676 758
720 56
721 2 4 32
722 0
723 364
724 20 34 848 1844
725 0 6 70 216 654
726 2 4 32 46 242
727 170
728 0 4 16 18 46 54 130 144 396 566 928 1704
729 16
730 406
731 0 2 12
732
733 4 20 158
734 0 6 14 48 150
735 4
736 2
737 0
738
739
740 0 4 18
741 2
742 4
743 0 6 24 78 104 188 318 570 960 1716
744 34 110 394
745 280
746 0 2 12
747 4 16 20 130 158 434 544
748 16 224 386
749 0 4 18
750
751 2 14 82 98 194 502 982 1714
752 0 6
753
754 4 236 1016 1670
755 0
756 2 4 20 32 112 158 802
757
758 0
759 820
760 236
761 0 2 4 6 12 18 32 34 42 60 102 108 146 182 256 312 330 444 552 742 774 1040 1292 1338 1662
762
763 4 110 788
764 0 190 576
765 1190 1468
766 2 16 92
767 0 16 54
768 4 14 86 116 164 620 1166 1510
769
770 0 4 6 18 20 24 60 66 158 186 204 406 480 618 1224 1446
771 2
772
773 0
774 148
775 4 46 56 86 340 410 620
776 0 2 12
777 4 46
778 856
779 0 6 20 56 66 146 174 204 444 528 1338 1354
780 1010 1798
781 2 34 182
782 0 4 18
783 160
784 4 70 508
785 0 14 16 48 54 320 966 1904
786 2 16 92
787
788 0 6 310 658 936 1980
789 4
790
791 0 2 4 12 18 32 102 104 164 318 498 532 746 832 1166 1602
792
793 20 160 500
794 0
795
796 2 4 32
797 0 6 24
798 4 34 70 98 256 508 704
799 484
800 0
801 2 94 482
802 14 20 388
803 0 4 18
804 16
805 4 16 130 358 766
806 0 2 6 12 42
807
808
809 0
810 4
811 2 230 1162 1690
812 0 4 18
813
814
815 0 6
816 2 20 94 112 176 482 892
817 4
818 0 34 108
819 4 14 116
820
821 0 2 12
822
823 16
824 0 4 6 16 18 24 46 54 60 78 130 144 168 186 240 396 438 510 564 726 928 1194 1320 1536 1698
825 20
826 2 4 32 46 242 340 1190 1712
827 0
828
829 1210 1696
830 0
831 2 4 32
832
833 0 4 6 18 60
834 56
835 34
836 0 2 12 14 48 82 252
837 148
838 4 56 410
839 0 20 66
840 4
841 2
842 0 6 16 54 168
843 16
844
845 0 4 18
846 2
847 4
848 0 20 66
849 188
850 104
851 0 2 6 12 24 42 132
852 4 98 704
853 14
854 0 4 18
855 34 176 328
856 2 650 670
857 0 70 86 110 216 264 336
858 826
859 4 280 1114 1978
860 0 6 278 840 874
861 2 4 16 32 92 130 662
862 16 20 434
863 0 226 684
864 86
865
866 0 2 4 12 18 32 102
867 334
868 4
869 0 6
870 14
871 2 20 70 112 268 362 1352 1676
872 0 34 108
873 4 46
874
875 0 4 18 46 144
876 2 110 562
877 824
878 0 6 24
879
880 4 16 130 358 916
881 0 2 12 16 54 92 282
882 4
883 784
884 0 500 1506 1550
885 20
886 2
887 0 4 6 14 18 48 60 116 150 354 1068
888 170
889 4
890 0
891 2 194 982
892 34
893 0 56 174 226 684
894 4 20 158
895
896 0 2 4 6 12 18 32 42 60 102 312
897 56
898 94 104 230
899 0 16 54 98 300 418 1260 1916
900 16 170 736
901 2 4 32
902 0
903 4
904 14
905 0 6 24 78
906 2
907
908 0 4 18 20 66 158 480
909 34 190 344
910 4 146 1040
911 0 2 12 274 596 828 1382 1794
912
913 94
914 0 6
915 4 248 1426 1754
916 2
917 0 4 18 20 66 158 224 480 526 678 1584 1586
918 16
919 16
920 0 278 840
921 2 14 82
922 4 46
923 0 6
924 4 46
925 148
926 0 2 12 248 680 750 1252
927 1420 1808
928 146
929 0 4 18 34 108 256 774
930 70
931 2 4 20 32 112 158 802
932 0 6 24
933 614
934 188
935 0 164 498
936 2 4 32 268 274 1352 1382 1894 1936
937 16
938 0 4 14 16 18 48 54 116 130 320 354 386 396 966 1164
939 670
940 20
941 0 2 6 12 42
942 344
943 4
944 0 70 216
945 4
946 2 34 86 160 182 442 812
947 0
948 194
949
950 0 4 6 18 60
951 2 356 1508 1792
952 4 56 410
953 0 86 98 264 300
954 20
955 14 346 458
956 0 2 12 16 54 56 92 160 174 282 292 486 812 882 1118
957 4 16 104 130 190 746 1348
958 164
959 0 4 6 18 24 60 186
960
961 2
962 0
963 20
964 4 356 1106
965 0 944 980
966 2 4 32 34 182 256 1292
967
968 0 6
969 656
970 110
971 0 2 4 12 18 32 46 102 144 242 732
972 14
973 4 46
974 0
975 16 224 658
976 2 16 92
977 0 6 20 66 204
978 4
979
980 0 4 18
981 2
982 1546 1864
983 0 34 108
984
985 4
986 0 2 6 12 20 24 42 66 78 112 132 204 310 342 402 618 936 1032 1562 1860
987 4 484 854
988 148
989 0 14 48 110 336 506 1524 1918
990 364
991 2
992 0 4 18
993 236
994 4 16 130
995 0 6 16 54 94 168 176 288 534 870 1608 1840
996 2 314 1582 1874
997
998 0
999 4 236 1670 1786
1000 20 98 1288
1001 0 2 4 12 18 32 102
1002
1003 34 70 1114
1004 0 6
1005 104
1006 2 4 14 32 82 116 592
1007 0
1008 4 640 674
1009 20
1010 0 94 288
1011 2 56 292
1012 314
1013 0 4 6 16 18 24 54 60 130 168 186 396 510 854 1194
1014 16
1015 4 56 410
1016 0 2 12
1017 70
1018
1019 0
1020 4 34 46 256 1718 1810
1021 2 328 1652 1886
1022 0 4 6 18 46 60 144 438
1023 14 20 346 388 526
1024
1025 0
1026 2
1027 4
1028 0 280 846
1029 4
1030
1031 0 2 6 12 42
1032 16 20 434
1033 16
1034 0 4 18 176 534 850 1250
1035 86
1036 2 4 32
1037 0
1038
1039 1720 1876
1040 0 6 14 24 34 48 108 150 188 330 456 570 626 996 1716 1884
1041 2 4 32
1042 86
1043 0 4 18 334 458 1008 1380
1044 230
1045
1046 0 2 12 20 66 112 342
1047
1048 4
1049 0 6
1050 4
1051 2 16 92
1052 0 16 54
1053 824
1054 98
1055 0 4 18 20 66 158 480
1056 2
1057 4 14 34 116 256 626 758
1058 0 6
1059 146
1060 488
1061 0 2 12 170 516 862 1298
1062 4
1063
1064 0 4 18 104 318 746 1508
1065
1066 2 418 1616
1067 0 6 24 78 240
1068 488
1069 4 20 46 158 1124
1070 0 16 54 56 174 1018 1118
1071 2 4 16 32 46 92 130 242 662 736 928
1072
1073 0 170 516
1074 14 56 1000
1075
1076 0 2 4 6 12 18 32 42 60 70 102 148 216 312 362 450 508 654 752 1054 1092 1356 1530
1077 34 146 628
1078 4 20 158
1079 0
1080
1081 2
1082 0
1083 4 110 788
1084
1085 0 4 6 18 60
1086 2 596 1178
1087
1088 0 194 588
1089 16
1090 4 16 70 130 364 508 1384
1091 0 2 12 14 48 82 252
1092 4 20 94 158 226 676 1600
1093 1616
1094 0 6 24 34 108 330 996
1095
1096 2 604 1184
1097 0 4 18
1098 1214
1099 4
1100 0
1101 2 20 98 112 310 502 1562
1102 110 164 190
1103 0 6
1104 4
1105
1106 0 2 4 12 18 32 102
1107 94
1108 14 16 320
1109 0 16 54 160 394 486 1188
1110
1111 2 4 32
1112 0 6 104 318 960
1113 4
1114 34
1115 0 20 66
1116 2
1117
1118 0 4 18 46 144 340 1026
1119 160
1120 4 46
1121 0 2 6 12 24 42 132
1122 226
1123
1124 0 20 66 86 264 614 1848
1125 4 14 116 164 188 1166 1334
1126 2
1127 0 4 16 18 54 130 396
1128 16
1129 56
1130 0 6 604 698 1818
1131 2 34 86 182 230 442 1162
1132 4
1133 0 56 174
1134 4
1135
1136 0 2 12
1137 386
1138 20
1139 0 4 6 18 60 148 406 450 1054 1224 1356
1140
1141 2 4 32 278 394 1402 1964 1982
1142 0 14 48 268 280 810 846
1143
1144 224
1145 0 194 588
1146 2 4 16 32 92 130 662
1147 16 20 434
1148 0 4 6 18 24 60 78 186 564
1149 70 740
1150 190
1151 0 2 12 34 108 182 552
1152 1288
1153 4
1154 0
1155 4 98 704
1156 2
1157 0 6
1158
1159 14
1160 0 4 18
1161 2 20 112
1162 4
1163 0 70 216
1164
1165 16
1166 0 2 6 12 16 42 54 92 168 248 282 358 750 852 1080 1252 1802
1167 4 46
1168 34
1169 0 4 18 46 144 340 566 1026 1704
1170 20
1171 2 104 532
1172 0
1173
1174 4 176 1250
1175 0 6 24
1176 2 4 14 32 82 116 592
1177 248
1178 0
1179 406
1180
1181 0 2 4 12 18 32 102
1182
1183 4
1184 0 6 16 20 54 66 168 204 434 1066 1308
1185 16
1186 2 328 1652
1187 0 904 1550
1188 4 34 56 256 274 410 1936
1189 94
1190 0 4 18
1191 2
1192 56
1193 0 6 14 20 48 66 150 204 388 1170 1210
1194
1195 4
1196 0 2 12 110 336 562 1692
1197 4
1198
1199 0
1200
1201 2 278 1402
1202 0 4 6 18 24 60 98 186 224 300 678 704 906 1586
1203 16
1204 4 16 94 130 334 676 1840
1205 0 34 108
1206 2
1207 20 268 698
1208 0 146 444
1209 4
1210 14
1211 0 2 4 6 12 18 32 42 60 102 312
1212 1150
1213 86 176 274
1214 0
1215 110
1216 2 4 20 32 46 112 158 242 784 802 1124
1217 0 506 1524
1218 4 46
1219 104
1220 0 6 86 264 798
1221 2
1222 16 70 1384
1223 0 4 16 18 54 130 396
1224
1225 4 34 256
1226 0 2 12 146 444 742
1227 14 148 1756
1228 656
1229 0 6 24 78
1230 4 20 158
1231 2 188 952
1232 0 4 18 236 714 904 1670
1233 1868
1234 170
1235 0
1236 2 70 362
1237 4 628 1036
1238 0 6 236 714
1239 4 20 158
1240
1241 0 2 12 16 54 92 282 358 850 1080 1802
1242 16 34 700
1243
1244 0 4 14 18 48 116 354
1245 944
1246 2 4 32 170 766 862 1208
1247 0 6 56 174 528
1248
1249 674
1250 0
1251 2 4 32 56 292 410
1252
1253 0 4 18 20 66 158 480
1254
1255
1256 0 2 6 12 24 42 98 132 300 344 502 906 1038 1512 1732
1257
1258 4
1259 0 544 1638
1260 4 16 130
1261 2 14 16 82 92 320 1612
1262 0 20 34 66 108 848 1868
1263
1264
1265 0 4 6 18 46 60 144 438
1266 2
1267 4 46
1268 0
1269 164
1270
1271 0 2 12
1272 4 160 1138
1273
1274 0 4 6 18 60
1275 1718
1276 2 20 112
1277 0 230 696
1278 14 104 1816
1279 4 16 34 130 256 700 994
1280 0 16 54
1281 2 4 32
1282 160
1283 0 6 24
1284 1858
1285 20 194 1090
1286 0 2 4 12 18 32 94 102 288 482 484 676 1452 1458
1287
1288 4
1289 0 344 1038
1290 148
1291 2
1292 0 6 164 498 1500
1293 4
1294 544
1295 0 4 14 18 48 70 116 190 216 354 508 576 1238 1348 1530
1296 2 500
1297 566
1298 0 16 54
1299 16 20 34 310 434 700 848
1300 4
1301 0 2 6 12 42 94 288 482 870 1160 1452
1302 4 86 620
1303 98
1304 0 346 1044
1305 1256
1306 2 56 292
1307 0 4 18
1308 20
1309 4 70 86 110 508 620 788
1310 0 6 24 56 78 174 240 356 528 1074 1590
1311 2 280 1412
1312 14
1313 0 314 948
1314 4 46
1315
1316 0 2 4 12 18 32 34 46 102 108 144 182 188 242 256 552 570 732 774 952 1292 1334 1810
1317 16
1318 16
1319 0 6
1320 418
1321 2 4 32 226 650 1142 1600
1322 0 20 66
1323 4 356
1324
1325 0
1326 2 104 532
1327 386
1328 0 4 6 18 60 110 336 740 788 1014
1329 14 314 980
1330 4
1331 0 2 12 20 66 112 342
1332
1333 1430
1334 0
1335 4
1336 2 16 34 92 182 700 1520
1337 0 4 6 16 18 24 54 60 130 168 186 396 510 1194 1490
1338
1339
1340 0
1341 2
1342 4 194 1376
1343 0 190 576
1344 4
1345 20
1346 0 2 6 12 14 42 48 82 150 252 762
1347
1348
1349 0 4 18
1350 640
1351 2 4 32 226 680 1142 1600
1352 0 328 990
1353 34 176 826
1354 20
1355 0 6 16 54 168
1356 2 4 16 32 92 130 662
1357 98 146 364
1358 0 4 18
1359
1360
1361 0 2 12
1362
1363 4 14 46 116 830
1364 0 6 24 230 696 884
1365 4 46 56 410 1930
1366 2
1367 0
1368 20 70 1676
1369 56
1370 0 4 18
1371 2 224 1132
1372 4 346
1373 0 6 34 108 330
1374 16
1375 16 146
1376 0 2 12
1377 4 20 158
1378 148
1379 0 4 18
1380 14 334 994
1381 2
1382 0 6 70 216 654
1383 94
1384 4
1385 0 104 318
1386 2 4 32
1387 500
1388 0
1389
1390 34
1391 0 2 4 6 12 18 20 24 32 42 60 66 78 86 102 112 132 158 186 204 264 312 342 402 442 480 564 618 620 798 802 942 1032 1332 1446 1860 1866
1392 176
1393 4 16 130
1394 0 16 54
1395
1396 2
1397 0 14 48
1398 4 86 94 620 676
1399
1400 0 4 6 18 20 60 66 158 204 480 1446
1401 2
1402
1403 0
1404 98
1405 4
1406 0 2 12
1407 4 170 1208
1408
1409 0 6
1410 34
1411 2
1412 0 4 16 18 46 54 130 144 396 928
1413 16 268 1160
1414 4 14 20 46 116 158 310 388 830 1124
1415 0
1416 2 458
1417 248
1418 0 6 24
1419 4 170 1208
1420
1421 0 2 4 12 18 32 102
1422 110 188 278
1423 20
1424 0 56 174
1425 280
1426 2 4 32
1427 0 6 34 108 330
1428 4 56 248 410 1754
1429 224
1430 0
1431 2 14 16 82 92 320 1612
1432 16
1433 0 4 18 104 318 746
1434
1435 4 160 1138
1436 0 2 6 12 42 164 498 820 832 1500
1437 20
1438
1439 0
1440 4
1441 2 70 110 148 362 562 752
1442 0 4 18
1443
1444
1445 0 6 24 160 486 1420 1464
1446 2 20 112 526
1447 4 34 256
1448 0 14 48
1449 4 658 1358
1450 16
1451 0 2 12 16 54 92 282
1452
1453
1454 0 4 6 18 60
1455 70
1456 2 4 32
1457 0 364 1098
1458 98
1459 164
1460 0 20 66
1461 2 4 32 46 242 340 1712
1462
1463 0 4 6 18 46 60 144 438
1464 34
1465 14 274 1364
1466 0 2 12
1467 1426
1468 4
1469 0 16 20 54 66 434 1308
1470 4 16 130
1471 2 236 1192
1472 0 6 24 78
1473
1474 484
1475 0 4 18
1476 2
1477 4 236 1670
1478 0 268 810
1479 874
1480 86 94 758
1481 0 2 6 12 42
1482 4 14 116 194 278 1376 1964
1483 20 56 1354
1484 0 4 18 34 108 256 774
1485
1486 2
1487 0 56 86 174 264 418 1260
1488 16 190 1808
1489 4 16 130
1490 0 6 274 828
1491 2 4 32
1492 20 104
1493 0
1494 1168
1495 94
1496 0 2 4 12 18 32 102
1497
1498 4 506 1886
1499 0 6 14 24 48 150 456
1500
1501 2 34 182
1502 0
1503 4
1504 458
1505 0 4 18 98 300 704
1506 2 20 112 146 394 742 1982
1507 16 188 1874
1508 0 6 16 54 168
1509 650
1510 4 46 230 596 1628
1511 0 2 12
1512 4 46 340
1513 856
1514 0 70 216
1515 20
1516 2 14 82
1517 0 4 6 18 60 328 990
1518
1519 4
1520 0
1521 2 34 182
1522
1523 0
1524 4 146 1040
1525
1526 0 2 4 6 12 16 18 24 32 42 54 60 92 102 130 132 168 186 282 312 386 396 510 662 852 942 1164 1194 1942 1992
1527 16 358
1528 70
1529 0 20 66 148 450 670
1530
1531 2 4 32
1532 0 176 534
1533 4 14 116
1534 1036
1535 0 6 110 336 1014
1536 2 190 962
1537
1538 0 4 18 20 34 66 108 158 256 394 480 774 848 1188
1539 194
1540 4 104 746
1541 0 2 12 334 1008 1406 1682
1542 56
1543
1544 0 6
1545 4 16 130
1546 2 16 56 92 292 1118 1276
1547 0 4 18
1548 406
1549
1550 0 14 48 226 614 684 1848
1551 2 488
1552 4 20 158 526 1948
1553 0 6 24 78 240 726
1554 4 110 788
1555
1556 0 2 12
1557
1558 34
1559 0 4 18 46 98 144 300 488 704 1470
1560
1561 2 4 20 32 46 112 158 242 802 1124 1294
1562 0 6
1563
1564 16
1565 0 16 54
1566 2 4 32
1567 14
1568 0 4 18
1569 86
1570
1571 0 2 6 12 42 176 534 892 916 1608
1572
1573 4
1574 0 766
1575 4 20 34 158 256 848 1246
1576 2 86 442
1577 0 94 288
1578
1579
1580 0 4 6 18 24 60 170 186 226 516 684 1208 1554 1600
1581 2
1582 4 820 1300
1583 0 16 54
1584 14 16 20 320 388 434 1010
1585
1586 0 2 12
1587 4 70 508
1588 406
1589 0 4 6 18 60
1590
1591 2
1592 0 94 148 170 288 450 516
1593 884
1594 4 280 1978
1595 0 34 108
1596 2 4 32
1597 230
1598 0 6 20 66 160 204 224 486 678 1464
1599 104
1600 1546
1601 0 2 4 12 14 18 32 48 56 70 82 102 116 174 216 252 292 354 362 410 508 592 882 1000 1092 1236 1238 1530 1782
1602 16 358
1603 4 16 130 164 344 1166
1604 0
1605 56
1606 2 98 502
1607 0 6 20 24 66 204 618
1608 4 46 160 968 1138
1609 680
1610 0 4 18 46 144
1611 2
1612 34 310 670
1613 0 188 570
1614
1615 4
1616 0 2 6 12 42
1617 4
1618 14
1619 0
1620
1621 2 16 20 92 112 434
1622 0 4 16 18 54 130 396
1623
1624 4 1016 1106
1625 0 6
1626 2 164 832
1627
1628 0 656 1974
1629 4 968 1168
1630 20 314 1090
1631 0 2 4 12 18 32 102
1632 34
1633 1256
1634 0 6 24 78
1635 14
1636 2 4 32 344 658 1732
1637 0 856
1638 4
1639 736
1640 0 16 54
1641 2 16 92
1642
1643 0 4 6 18 60
1644 20
1645 4
1646 0 2 12 314 948 1582 1706
1647 104
1648 110
1649 0 34 108
1650 4
1651 2 640
1652 0 4 6 14 18 48 60 116 150 354 1068
1653 20 346 1018
1654
1655 0 146 444
1656 2 224 1132
1657 4 46
1658 0 86 264
1659 4 16 46 130 928
1660 16 56 70 98 1118 1384 1916
1661 0 2 6 12 24 42 132
1662
1663
1664 0 4 18 56 174 410 1236
1665 86
1666 2 4 32
1667 0 20 66 110 336 1066
1668 248
1669 14 34 356 626 1366
1670 0 6 784 1178
1671 2 4 32
1672
1673 0 4 18 146 444 1040
1674 70 94 1184
1675
1676 0 2 12 20 66 112 342
1677
1678 4 16 130
1679 0 6 16 54 168 194 248 588 750 1770
1680 4 148 1054
1681 2 190 962
1682 0 356 1074
1683 328
1684 268
1685 0 4 18 596 674 1794
1686 2 14 34 82 182 626
1687 4 826 1468
1688 0 6 24
1689 94
1690 20
1691 0 2 12
1692 4
1693
1694 0 4 18
1695
1696 2
1697 0 6 16 54 168
1698 16 188
1699 4 20 158
1700 0 1478 1948
1701 2 4 32
1702
1703 0 14 48 278 604 840 1818
1704 824
1705 1756
1706 0 2 4 6 12 18 32 34 42 46 60 102 104 108 144 182 242 256 312 318 330 438 532 552 732 746 774 960 1292 1602 1662 1810
1707 98
1708 4 46 280 628 1978
1709 0
1710 236
1711 2 176 892
1712 0
1713 4 20 158
1714
1715 0 4 6 18 24 60 78 186 564
1716 2 16 92 236 386 1192 1942
1717 16 334 1378
1718 0
1719 56
1720 4 14 116
1721 0 2 12 346 1044 1694 1742
1722 4 20 158
1723 34 56
1724 0 6 364 1098
1725 1364
1726 2 506
1727 0 4 18 310 936 1358
1728
1729 4 190 1348
1730 0
1731 2
1732
1733 0 6 70 216 654
1734 4
1735 16
1736 0 2 4 12 16 18 20 32 54 66 92 102 112 130 158 194 282 342 396 434 480 588 662 802 982 1308 1376 1992
1737 14 604 874
1738 566
1739 0 1634 1844
1740
1741 2 4 32 418 614
1742 0 6 24 274 828 1214
1743 4 34 148 230 256 1054 1628
1744
1745 0 20 66
1746 2
1747 70 86 1406
1748 0 4 18
1749 268
1750 4 176 1250
1751 0 2 6 12 42
1752
1753 170
1754 0 14 16 48 54 86 104 264 318 320 966 1510 1688 1816
1755 4 16 46 130 928
1756 2 1246 1478
1757 0 4 18 46 144
1758 1904
1759 20
1760 0 6 34 108 330
1761 2 98 110 160 502 562 812
1762 4
1763 0 278 840
1764 4
1765 170
1766 0 2 12
1767 274
1768 20
1769 0 4 6 18 24 60 186
1770 164
1771 2 4 14 32 82 94 116 160 482 592 676 812 1138 1646
1772 0
1773 16 484 1016
1774 16
1775 0
1776 2 4 32
1777
1778 0 4 6 18 56 60 174 410 528 1236
1779 226
1780 34 110
1781 0 2 12
1782 20 56 1354
1783 4
1784 0
1785 4
1786 2 94 482
1787 0 6
1788 14
1789
1790 0 4 18
1791 2 20 112
1792 4 16 130
1793 0 16 54 164 498 1010
1794
1795
1796 0 2 6 12 24 42 78 132 240 402 1212
1797 4 34 256
1798
1799 0 4 18 500 916 1506
1800
1801 2
1802 0
1803
1804 4 46 146 188 340 1040 1334
1805 0 6 14 20 48 66 150 204 388 1170
1806 2 4 32 46 70 242 362 508 544
1807
1808 0 98 300
1809 226
1810 736
1811 0 2 4 12 16 18 32 54 92 102 130 282 396 662 1992
1812 16
1813 4 104 746
1814 0 6 20 66 204
1815
1816 2
1817 0 34 108
1818 4 758 1858
1819
1820 0 4 18 70 216 508 1530
1821 2
1822 14 146
1823 0 6 24
1824 364
1825 4 224 1586
1826 0 2 12
1827 4
1828 20
1829 0
1830 16 230
1831 2 16 92 148 698 752
1832 0 4 6 18 60
1833 1720
1834 4 34 256
1835 0
1836 2 86 442
1837 20 56 1354
1838 0
1839 4 14 116
1840
1841 0 2 4 6 12 18 32 42 56 60 102 174 292 312 410 528 544 882 1236 1638
1842
1843 86
1844 0 854
1845
1846 2 4 32
1847 0
1848 4 328
1849 16
1850 0 6 16 24 54 168 510
1851 2 20 112
1852
1853 0 4 18 46 144
1854 34
1855 4 46 340
1856 0 2 12 14 48 82 252
1857 1930
1858
1859 0 6
1860 4 20 158
1861 2 104 532
1862 0 4 18 98 300 704
1863 1150
1864
1865 0 1276
1866 2 566
1867 4
1868 0 6 16 54 94 168 288 628 870 1840 1890
1869 4 16 130
1870 854
1871 0 2 12 34 108 182 552
1872
1873 14
1874 0 4 18 20 66 110 158 190 336 480 576 788 1348
1875
1876 2 4 32 194 982 1376 1528
1877 0 6 24 78 280 458 846 1380
1878 334
1879 70
1880 0 824
1881 2 4 32
1882
1883 0 4 18 20 66 94 158 224 288 480 676 678 1586
1884
1885
1886 0 2 6 12 42
1887 16 656 850
1888 4 16 130 358
1889 0 188 570
1890 4 14 116 176 500 1250
1891 2 34 182
1892 0 740
1893 70 110 1300
1894 148
1895 0 4 6 18 60
1896 2 56 292
1897 4 20 158
1898 0 1294
1899
1900 56
1901 0 2 12
1902 4 46
1903 394
1904 0 4 6 18 24 46 60 144 186 438 1320
1905
1906 2 16 20 92 112 434
1907 0 14 16 48 54 320 966
1908 34 418 698
1909 4 98 704
1910 0
1911 2 4 32
1912 944
1913 0 6
1914
1915 386
1916 0 2 4 12 18 32 102
1917
1918 4
1919 0 248 750
1920 20 104
1921 2
1922 0 6 190 576 1734
1923 4
1924 14 160
1925 0 4 16 18 54 86 130 264 310 396 620 936 1688 1866
1926 2 16 92 170 674 862
1927
1928 0 34 108
1929 20 176
1930 4 248 1754
1931 0 2 6 12 24 42 132
1932 4 86 620
1933 194
1934 0 160 486
1935 394
1936 2
1937 0 4 18 164 498 1166
1938 170
1939 4
1940 0 6
1941 2 14 82
1942
1943 0 20 66
1944 4 16 130
1945 16 34 700
1946 0 2 4 12 18 32 102
1947 314
1948 980
1949 0 6 236 714
1950 344
1951 2 4 32 46 242
1952 0 20 66 70 216 1676
1953 4 46 146 1040 1564
1954
1955 0 56 174 236 268 714 810
1956 2
1957 406
1958 0 4 6 14 18 24 48 60 78 116 150 186 354 456 564 1068 1190 1374
1959 56
1960 4 164 1166
1961 0 2 12 484 1458 1576
1962
1963 16 98 314 358 1916
1964 0 16 54
1965 4 34 94 256 458 676
1966 2 20 70 112 362 1378 1676
1967 0 4 6 18 60
1968 104
1969
1970 0
1971 2 146 742
1972 4
1973 0
1974 4 650
1975 14 20 388 526 1298
1976 0 2 6 12 42 230 696 1114 1162
1977
1978
1979 0 4 18
1980 94
1981 2 4 32
1982 0 16 34 54 108 148 450 700 1366
1983 16 344 1786
1984 278
1985 0 6 24
1986 2 4 32
1987 110
1988 0 4 18
1989 20
1990
1991 0 2 12 280 846 1412
1992 14
1993 4 640
1994 0 6
1995 4 188 1334
1996 2
1997 0 406 1224
1998 20
1999
